76
773
40
950
529
190
276
615
145
579
933
651
517
670
438
188
455
511
258
934
98
483
601
257
772
40
140
969
975
661
325
741
433
365
690
963
245
657
267
391
235
200
41
442
560
169
320
15
371
578
639
469
60
931
416
832
971
246
801
945
908
816
375
340
871
756
993
115
412
260
506
337
150
238
780
710
407
99
415
468
368
54
627
428
985
733
260
645
980
751
279
887
566
654
917
436
409
910
551
511
860
748
849
9
986
318
409
82
107
825
241
475
569
868
904
243
601
854
888
580
294
166
156
860
820
763
986
920
672
226
430
531
664
969
230
649
286
640
422
394
154
663
869
723
220
462
966
821
5
853
90
299
18
937
849
528
700
524
447
61
441
568
283
104
226
513
444
513
843
866
597
997
218
155
719
438
308
684
950
313
536
39
303
244
667
151
773
366
366
910
427
807
167
400
911
394
914
44
907
756
